238 682 502 987 779 775 259 453 72 454 551 70 678 146 513 80 761 821 491 164 468 183 493 446 729 664 231 985 527 583 660 21 558 511 959 805 73 898 13 210 353 748 126 261 216 528 931 841 835 832 703 82 773 494 848 376 174 59 909 303 560 924 337 748 831 206 973 154 977 103 406 468 15 242 39 821 89 354 76 998 452 98 434 440 565 375 370 768 159 115 256 78 466 510 360 854 849 947 278 602
450 215 304 49 604 288 174 143 623 391 504 809 963 368 7 707 983 434 218 546 873 767 793 714 187 581 878 183 596 719 723 307 481 284 238 275 207 269 573 717 876 201 274 385 39 363 939 548 679 86 845 240 140 109 736 951 27 585 606 904 996 140 626 127 913 888 850 207 899 27 567 83 765 4 378 611 841 523 106 503 597 47 283 582 481 470 470 571 310 31 652 132 219 454 502 107 420 279 151 278
289 422 914 139 328 356 684 90 646 831 623 75 488 263 280 928 249 337 67 598 878 629 860 684 884 304 599 42 683 265 679 144 56 85 644 143 997 302 906 527 122 872 103 397 683 619 188 257 496 17 891 656 2 990 84 928 258 460 332 439 856 596 841 512 688 341 490 298 630 111 877 844 105 965 511 212 802 398 559 586 99 694 880 669 210 484 535 465 323 908 455 134 322 180 507 72 967 45 412 996
520 742 419 566 923 572 64 276 693 290 507 954 187 557 679 669 106 394 859 25 870 631 164 417 158 627 464 163 249 930 87 85 100 44 173 457 91 842 683 79 494 24 52 602 258 637 931 731 595 978 305 533 816 167 472 273 255 736 145 169 753 389 681 704 964 434 676 763 856 654 249 49 316 205 975 380 487 678 124 809 553 963 294 105 826 901 342 974 626 466 938 718 757 495 953 466 238 618 161 401
615 926 219 505 587 757 934 480 459 804 520 215 422 214 712 616 525 129 603 124 833 999 66 445 506 212 464 914 823 284 552 782 75 341 909 17 760 831 711 656 794 797 757 955 964 747 226 36 295 782 711 995 690 581 147 387 377 680 82 449 776 730 316 388 811 324 906 385 566 925 518 514 628 350 931 96 383 120 869 445 537 874 179 846 69 430 112 779 923 121 493 623 204 370 677 694 775 635 142 158
119 547 356 537 631 436 177 905 764 726 153 60 541 363 383 285 969 201 21 980 269 817 424 387 369 21 517 939 588 85 918 934 535 204 69 779 840 328 341 855 621 948 953 979 793 323 527 698 357 249 917 931 763 826 226 869 558 399 157 833 928 6 296 514 990 158 746 553 82 635 484 338 121 134 736 156 435 756 881 230 23 503 227 972 963 212 546 179 179 463 882 773 442 321 191 992 757 373 319 666
224 237 531 422 809 732 895 419 338 54 885 815 540 132 967 998 907 603 580 197 608 693 929 542 892 469 214 772 108 349 742 545 463 86 850 906 502 222 87 190 905 186 125 824 635 947 6 53 873 90 943 440 72 842 181 239 678 9 388 474 737 874 778 105 168 676 480 704 460 378 897 894 245 384 14 572 577 752 62 353 619 556 707 338 364 5 913 649 441 417 529 911 76 346 605 515 708 292 571 576
798 727 318 192 471 288 206 746 433 161 362 721 885 947 230 146 905 269 709 761 49 978 623 741 738 873 7 231 918 145 113 291 622 526 917 132 694 37 468 936 969 93 762 959 604 437 19 140 865 868 99 88 525 877 267 351 333 247 668 623 993 635 366 303 126 191 898 885 208 973 468 520 847 572 181 991 812 725 185 732 449 993 575 837 25 535 625 900 602 189 33 818 778 123 716 477 893 23 583 274
47 698 528 771 721 456 862 937 427 767 376 787 878 19 811 9 144 997 235 4 973 187 242 344 659 572 207 452 57 308 938 211 337 85 44 175 98 269 432 536 459 79 618 613 149 860 170 5 307 807 862 479 845 547 694 795 114 639 300 482 213 155 663 573 499 702 590 322 659 952 117 216 190 837 140 777 845 56 307 54 10 509 972 125 355 384 122 159 276 310 934 282 18 904 850 623 985 962 79 604
467 450 495 954 637 652 31 911 916 407 263 576 11 106 511 747 760 580 935 497 822 472 794 719 282 383 919 766 182 801 579 925 894 481 374 672 939 534 912 756 12 430 501 576 807 77 506 275 829 900 749 813 564 527 111 39 413 109 647 130 62 83 869 765 717 855 985 999 731 251 551 100 454 774 929 414 976 836 40 211 186 354 979 187 860 452 182 153 487 305 333 636 684 432 209 830 429 787 254 919
328 862 262 395 911 943 141 976 47 24 363 155 53 295 838 594 730 860 934 187 7 773 43 123 646 215 378 293 557 152 950 621 978 777 729 145 819 128 14 983 679 579 334 186 66 128 6 194 901 211 55 617 276 500 107 677 520 533 673 242 245 195 431 869 12 316 381 329 780 480 913 363 53 771 806 557 401 173 974 379 462 148 472 582 572 520 61 785 430 319 865 628 290 230 575 3 435 626 274 286
96 769 717 766 113 185 649 128 947 604 219 683 198 817 199 824 770 807 302 277 747 350 6 649 231 975 684 612 38 499 738 233 333 879 309 609 563 468 195 331 281 247 105 484 756 883 125 376 912 687 592 621 389 33 623 916 744 937 832 158 699 577 74 539 35 719 144 744 768 954 121 227 765 240 522 930 563 325 879 302 337 606 296 220 143 903 13 583 15 458 771 688 755 667 30 957 613 823 124 875
381 784 236 559 699 659 612 800 234 524 919 839 567 822 340 783 609 63 343 56 59 889 448 638 574 823 250 24 848 508 192 742 38 114 770 288 264 293 721 590 140 702 823 264 464 760 422 751 148 347 678 793 223 503 238 837 172 381 899 242 151 581 892 898 414 622 978 485 684 567 677 259 584 716 718 558 422 961 852 373 390 707 302 895 424 960 751 125 785 809 588 39 9 630 719 469 426 737 470 312
136 876 219 171 932 241 432 200 319 281 572 300 328 982 831 580 438 752 991 574 275 996 343 577 446 575 411 701 813 628 657 34 720 656 86 533 452 136 103 345 38 186 287 291 455 190 45 809 509 987 111 724 184 645 621 826 451 540 364 519 161 136 660 924 787 628 743 942 367 190 972 354 349 664 661 367 293 786 723 641 924 537 691 831 299 413 646 441 66 9 82 803 587 437 628 911 928 725 51 66
570 779 979 465 31 325 524 313 756 865 90 810 815 506 896 212 784 374 912 138 475 116 422 683 69 97 120 284 768 517 879 583 975 646 357 621 24 109 86 867 306 627 641 41 553 907 357 370 43 45 632 783 573 655 128 915 396 755 532 526 415 57 308 220 585 736 600 789 776 119 684 108 431 569 469 586 912 791 532 91 109 293 636 809 382 465 828 629 83 919 475 623 413 126 82 422 674 650 811 405
869 152 911 223 865 53 929 998 444 586 569 628 841 67 674 788 829 240 364 646 705 245 642 845 370 517 783 600 701 994 533 740 956 860 9 944 64 982 544 806 69 849 194 888 809 289 32 571 874 938 959 110 68 746 432 700 513 747 404 962 816 520 777 477 333 883 452 813 961 988 217 379 265 830 130 499 362 561 614 656 557 144 922 384 310 552 805 248 931 612 39 472 606 980 88 450 8 329 734 92
404 194 281 438 368 304 745 76 42 415 474 585 928 77 337 945 454 428 2 345 958 59 90 548 574 968 836 493 946 82 971 116 426 799 669 441 79 361 300 544 821 231 790 199 825 607 138 684 556 13 392 839 743 182 388 67 632 615 521 79 155 927 372 129 795 481 204 849 974 819 146 564 847 831 704 915 130 961 65 711 94 194 763 315 2 169 929 806 214 811 229 667 9 768 410 756 853 377 451 228
508 574 354 94 374 604 216 248 474 11 331 169 330 709 541 244 66 358 162 276 984 504 835 169 179 652 204 826 918 792 188 594 156 61 464 426 761 70 404 476 550 244 733 591 333 359 125 641 36 681 958 616 306 256 650 191 429 989 87 847 973 488 382 965 198 986 943 637 331 321 620 561 398 149 670 376 619 749 653 600 979 339 216 575 141 441 593 527 973 497 234 979 195 709 922 456 108 957 694 976
621 387 510 657 948 13 72 808 799 808 689 724 392 191 9 470 635 349 984 433 88 322 125 337 255 812 616 989 15 55 683 19 780 576 380 318 855 913 375 159 682 481 664 494 996 627 821 975 861 923 97 764 973 984 608 646 703 790 93 557 164 870 655 307 59 353 90 66 533 611 262 179 626 813 769 533 624 187 3 534 348 187 727 298 826 950 781 245 712 782 250 749 697 991 364 431 785 681 262 963
219 925 490 94 313 431 691 637 276 629 28 681 214 722 717 232 579 585 746 279 546 238 82 55 116 227 914 97 870 489 913 599 884 106 624 381 855 52 590 589 337 823 600 671 203 569 445 737 1 595 745 27 518 152 949 480 69 307 958 741 749 830 634 478 392 187 128 739 80 80 640 140 949 477 461 107 62 486 623 402 284 512 351 851 708 735 253 885 237 625 556 518 894 301 830 312 722 52 983 258
77 906 71 680 833 168 249 301 857 358 555 265 357 782 343 980 729 876 599 470 494 905 411 952 645 691 252 67 554 655 719 623 714 285 311 236 646 148 385 452 828 698 268 735 559 467 231 525 207 873 845 893 877 809 99 250 821 257 613 579 395 701 189 736 1 306 916 352 878 509 514 586 727 2 562 86 281 719 880 887 16 695 676 136 84 494 657 145 502 420 923 982 512 1 674 794 179 149 103 899
15 948 496 151 96 468 34 871 394 277 390 521 737 884 385 659 887 579 818 656 302 370 82 552 432 232 975 573 192 927 908 388 867 348 433 760 402 256 15 172 680 394 536 375 775 968 352 891 545 78 14 570 925 322 254 926 22 144 672 384 18 387 842 58 819 280 104 662 5 958 88 132 525 928 382 496 537 190 318 876 265 405 604 764 75 123 551 755 990 779 592 513 571 534 775 692 989 492 123 555
642 233 877 209 44 994 967 384 852 801 224 237 361 670 611 634 248 996 589 180 646 404 937 819 826 690 238 331 785 111 703 725 805 499 892 45 608 398 992 506 873 933 569 594 379 578 908 144 565 920 537 480 682 97 471 909 7 300 766 171 961 662 410 467 824 945 820 388 943 167 99 348 952 978 899 151 174 290 567 683 744 730 305 585 170 961 809 501 273 431 64 145 345 799 102 881 152 68 728 195
876 768 186 236 438 650 93 198 629 501 567 734 138 534 390 3 204 774 50 86 13 489 850 733 150 970 284 477 715 799 718 441 461 678 901 289 81 906 313 944 647 662 357 383 968 201 346 505 18 173 371 466 829 248 192 383 570 590 380 883 836 938 223 924 876 912 693 473 355 581 375 730 926 680 437 294 392 130 599 49 276 816 55 346 338 685 785 680 918 492 485 694 491 175 828 680 90 967 656 741
815 399 955 40 582 72 434 150 915 603 921 375 243 749 500 991 905 319 351 211 765 990 574 287 122 523 857 759 286 585 51 542 230 922 799 680 598 135 851 629 457 714 530 226 823 432 936 205 350 1 809 566 171 34 661 237 867 494 757 836 772 131 308 839 808 90 336 120 157 892 849 860 703 346 537 609 2 338 563 812 200 901 432 544 236 352 745 228 491 772 681 638 398 283 486 566 804 75 418 703
566 319 623 91 333 559 800 826 858 460 60 642 643 664 958 894 965 533 776 105 946 274 130 201 531 183 377 681 717 307 959 786 354 771 313 446 653 341 980 328 778 233 959 125 341 546 397 195 741 465 445 628 597 281 276 526 397 200 353 970 799 722 374 860 388 611 776 669 153 573 801 754 389 166 794 441 454 179 438 644 925 213 482 450 474 419 769 77 552 980 391 385 105 491 118 539 459 182 829 106
488 416 980 709 582 140 822 711 195 262 869 483 54 82 163 779 144 547 301 886 897 415 581 186 1 714 595 92 747 696 26 257 127 678 314 876 868 95 131 215 891 494 181 449 749 918 846 467 127 278 843 656 153 392 117 845 269 183 51 367 820 336 107 410 639 817 889 119 65 997 525 402 872 205 551 799 208 258 131 840 828 681 818 582 341 91 88 699 476 884 828 680 851 219 367 731 412 816 41 117
2 803 934 540 834 406 118 926 677 714 581 622 629 450 692 752 260 306 40 344 282 64 532 801 486 438 860 572 600 52 728 378 597 632 648 518 144 751 812 670 980 677 328 852 182 183 897 948 920 606 913 678 263 187 474 600 75 709 854 568 829 162 728 201 156 57 44 282 927 659 222 961 634 531 560 83 97 10 620 826 390 991 780 121 285 705 935 423 330 667 152 717 674 419 27 151 797 188 340 84
208 406 683 701 841 127 807 266 324 329 727 59 31 289 74 357 930 684 978 680 978 537 872 399 425 450 785 226 602 553 382 791 50 735 982 517 427 978 664 629 161 833 520 778 70 640 409 607 947 566 763 263 206 627 586 462 149 528 529 58 778 668 285 531 891 499 804 785 331 378 359 972 247 636 86 732 831 114 876 868 432 50 119 825 55 985 259 471 67 28 560 713 323 245 62 312 19 885 398 47
921 430 622 164 652 991 45 379 523 433 872 363 339 712 802 810 587 612 561 660 82 636 781 147 675 996 363 688 478 540 696 74 291 785 805 171 765 967 513 870 854 913 637 715 130 698 717 207 248 123 194 441 304 265 920 965 765 568 106 849 321 123 802 981 63 410 751 345 488 883 912 80 411 502 878 696 892 736 191 871 633 384 115 961 12 719 750 752 263 54 384 897 722 934 518 202 907 433 888 226
7 290 589 12 723 305 642 567 824 346 459 377 519 182 926 740 587 941 115 907 873 962 893 564 249 896 478 868 19 914 162 271 460 318 165 43 455 879 848 725 910 900 334 224 976 539 243 608 279 540 154 785 465 768 418 456 471 496 237 954 515 428 339 817 434 288 968 22 956 78 441 701 624 287 441 861 948 778 249 435 190 730 689 144 720 536 931 768 580 59 683 811 339 759 719 380 285 578 830 646
598 66 254 890 205 205 115 739 996 925 711 847 45 410 694 951 402 923 626 109 883 126 829 735 784 77 913 13 731 658 638 262 393 971 822 739 783 742 491 223 197 901 219 962 401 89 936 360 863 849 668 863 185 605 430 620 164 884 531 806 304 599 779 874 526 660 380 104 25 712 925 466 942 747 394 150 808 831 636 415 104 910 643 340 940 476 269 384 772 652 528 956 878 570 204 528 161 223 720 862
338 553 27 458 700 543 905 574 664 759 263 132 233 439 620 833 233 916 778 584 305 104 474 363 292 54 190 881 350 110 791 654 386 87 482 202 364 412 972 284 5 831 133 529 286 561 986 927 261 528 127 343 925 121 506 257 224 94 122 767 454 485 55 103 690 185 365 265 72 3 295 883 782 74 813 107 405 494 183 715 254 641 577 194 898 288 996 381 814 450 691 6 923 152 657 509 955 341 960 369
956 335 46 382 542 735 224 490 895 639 309 78 34 551 311 82 320 79 989 442 927 404 398 518 2 378 16 910 925 174 909 14 176 862 261 350 123 97 448 929 25 782 12 654 563 481 768 554 309 438 534 650 796 456 835 823 997 543 643 402 315 10 754 446 193 156 66 906 754 3 982 92 556 682 416 426 79 478 844 704 909 549 122 807 806 577 883 606 63 921 450 449 928 454 615 471 361 729 5 693
381 389 790 97 538 905 859 971 851 229 18 857 40 441 497 573 517 944 165 66 63 368 875 981 4 12 801 626 768 241 128 172 867 570 558 351 896 334 322 985 740 791 193 731 978 319 16 498 386 680 667 126 93 7 174 563 870 298 168 190 919 5 854 252 526 959 947 335 135 978 326 124 501 675 360 880 918 904 245 707 312 541 79 40 321 557 56 498 315 851 638 391 917 905 522 542 630 32 840 494
394 551 662 652 3 706 56 691 796 331 244 873 14 851 960 809 568 957 876 949 3 800 454 229 797 192 283 902 959 128 799 490 232 289 496 95 541 733 174 193 277 634 223 426 779 707 687 854 757 520 935 533 661 660 444 631 103 160 259 347 551 47 927 408 804 621 159 60 812 636 123 256 265 792 629 409 267 559 362 773 808 588 856 713 309 152 734 780 795 689 333 895 908 355 747 377 354 732 258 201
439 14 836 876 137 676 274 248 557 647 517 230 886 584 118 115 718 461 467 918 367 525 823 164 882 566 95 113 296 838 579 199 291 70 834 379 875 247 540 954 951 680 489 711 814 43 99 282 626 466 204 711 182 234 56 582 289 538 99 284 972 957 893 306 20 546 792 874 929 567 754 105 250 308 837 452 866 131 933 606 687 976 198 775 72 832 866 738 975 543 491 55 846 343 36 378 647 457 734 733
201 555 302 811 341 308 339 620 112 940 792 749 372 554 875 203 615 633 784 583 396 521 929 191 688 684 682 680 466 272 59 209 284 970 326 631 772 588 392 741 10 31 194 404 582 991 905 515 400 293 319 724 398 94 131 399 909 245 832 625 769 147 984 182 642 825 889 924 340 946 584 502 105 664 746 704 367 757 894 144 750 749 370 302 130 548 642 193 695 721 596 418 396 643 387 662 60 690 936 812
394 616 613 35 734 164 780 408 104 399 665 509 575 422 60 748 924 465 516 980 383 967 253 590 260 858 5 391 544 923 576 215 646 573 949 173 116 150 104 118 331 557 817 112 947 131 32 18 515 32 425 641 970 152 73 199 817 387 452 876 3 849 416 12 67 529 702 48 938 335 764 559 695 445 83 223 571 557 714 137 650 348 861 87 51 85 170 445 436 721 371 890 402 515 556 706 892 679 566 633
605 139 561 465 8 366 294 429 522 531 406 943 532 501 919 112 382 355 718 580 768 20 8 596 981 641 964 423 200 747 181 102 166 693 416 337 630 73 519 464 955 172 632 124 817 713 649 911 562 9 448 528 507 648 929 400 898 916 713 180 987 237 947 771 492 520 334 60 853 644 785 836 837 908 963 520 721 434 276 384 44 872 745 69 1 152 441 992 343 689 11 329 876 276 980 162 12 305 155 446
520 414 723 840 809 869 731 818 49 855 522 958 971 680 627 664 206 811 31 622 81 54 68 706 950 953 539 33 617 393 933 186 152 20 204 889 411 665 903 647 280 555 16 730 940 380 71 380 748 987 755 408 610 640 255 893 290 989 431 564 267 895 555 509 598 593 747 903 479 953 282 614 180 919 962 680 692 908 532 799 677 517 430 261 441 509 906 801 50 492 912 995 75 699 735 796 912 778 12 237
931 31 961 246 492 611 755 288 905 768 371 812 104 878 605 725 916 410 750 497 791 971 161 523 981 491 732 470 233 264 530 634 201 963 584 481 586 813 280 372 199 320 832 471 137 682 161 903 31 254 11 695 850 678 476 185 926 536 4 597 243 218 948 794 67 250 914 87 770 174 958 732 703 102 643 646 19 533 425 513 336 161 647 37 792 195 981 408 836 1 405 623 184 418 936 616 982 487 786 317
693 372 572 507 443 281 669 382 766 307 96 376 923 982 560 34 985 423 966 898 773 726 144 949 901 281 751 954 953 59 515 628 143 234 637 459 752 528 77 657 790 935 473 809 686 244 653 448 360 773 185 144 986 2 359 135 488 563 452 754 488 114 967 489 57 917 706 721 83 745 992 356 156 182 807 105 345 473 530 40 392 722 46 33 832 990 447 650 978 438 769 793 165 723 410 46 66 365 863 549
862 649 680 129 292 179 397 88 573 911 525 196 904 413 223 566 188 482 833 220 414 961 912 459 945 48 599 94 160 620 420 395 439 964 648 114 43 908 418 595 329 881 316 305 174 883 402 250 745 30 79 12 22 638 719 644 673 830 468 908 859 489 172 813 388 266 327 798 760 863 654 511 647 813 47 48 575 938 635 658 785 227 409 898 954 704 775 227 497 582 462 512 170 510 407 666 77 930 368 8
759 744 552 870 594 301 154 449 634 590 109 163 941 458 316 354 412 873 236 618 229 567 451 945 411 907 262 448 382 37 179 265 866 4 185 690 715 364 90 296 744 654 520 872 567 710 537 158 170 243 562 973 378 142 207 156 785 486 591 621 25 732 311 153 611 748 287 724 760 375 582 821 725 757 850 194 448 440 120 951 387 96 879 538 674 223 377 270 502 588 805 220 903 382 376 289 19 830 539 225
628 528 545 219 931 775 124 570 767 316 271 494 794 40 673 549 459 791 754 681 94 569 495 423 789 399 195 502 789 704 511 945 956 186 391 999 773 408 776 796 885 205 790 2 323 665 686 405 944 645 607 702 116 842 126 556 408 868 710 270 298 145 881 745 662 607 383 769 207 617 964 758 59 856 7 383 793 299 247 955 226 720 95 652 852 241 113 489 687 310 942 485 259 360 16 204 782 701 749 312
85 616 112 350 536 307 299 762 915 211 937 759 32 101 231 440 693 929 129 710 91 591 327 277 822 157 961 616 841 10 802 271 868 318 706 189 525 812 143 994 244 610 997 180 505 270 716 756 795 994 374 591 916 127 154 655 470 884 949 47 654 312 178 101 526 129 578 703 914 108 110 71 465 626 561 173 231 244 524 508 936 704 272 375 347 395 26 931 736 578 265 459 700 290 551 310 867 606 891 276
612 364 955 860 21 704 69 980 321 113 313 452 579 59 331 422 16 73 299 595 552 511 368 675 785 672 468 93 995 523 403 858 931 823 949 346 944 772 216 166 840 882 214 511 315 927 325 779 271 143 6 773 952 694 743 797 318 740 729 39 587 868 924 520 584 218 330 915 49 946 141 503 956 503 964 764 802 127 750 178 423 335 886 308 640 866 359 757 129 284 952 204 730 384 384 856 774 648 930 15
341 635 756 584 394 308 949 764 605 527 368 253 990 582 280 558 305 541 334 392 194 747 191 12 444 401 369 659 816 323 595 605 457 902 598 204 537 741 285 55 286 402 996 697 556 538 632 758 370 768 191 509 410 264 268 987 299 721 555 646 462 733 172 915 569 591 602 725 721 80 290 46 656 176 513 178 483 754 155 148 571 450 409 671 750 694 57 441 118 659 820 517 939 149 23 375 960 799 20 732
866 90 875 414 706 883 510 356 681 83 87 111 482 466 358 840 293 996 553 263 436 637 217 23 619 353 428 510 495 873 679 436 664 836 974 419 284 761 492 397 488 78 102 542 936 397 892 870 57 640 663 905 228 960 873 236 682 198 691 587 829 581 723 605 686 798 490 247 315 294 683 870 515 215 94 607 388 248 482 983 745 263 264 165 267 633 422 613 674 396 780 178 629 20 475 693 479 186 682 904
675 846 4 561 126 267 751 222 363 824 158 950 572 88 101 269 67 271 297 504 32 234 76 305 462 410 912 264 214 706 530 96 185 831 254 574 834 393 833 356 93 898 885 440 443 191 930 53 439 665 220 833 111 919 395 242 596 933 57 806 764 593 346 663 540 172 483 355 846 487 458 209 726 478 894 801 234 359 729 541 621 971 690 907 204 181 320 436 363 696 718 93 256 110 734 877 32 653 597 902
11 632 112 378 579 545 758 420 636 298 714 916 641 510 231 713 672 714 831 881 496 892 970 167 720 683 682 399 298 286 958 564 356 817 686 617 102 481 226 528 330 355 207 314 891 927 116 510 778 17 253 197 12 981 99 725 53 863 88 406 69 469 256 584 189 765 450 292 849 183 339 700 341 449 602 590 472 159 342 797 545 7 669 12 237 873 851 651 253 301 238 284 241 217 18 819 765 879 50 48
585 14 587 50 922 29 502 713 29 717 886 364 505 857 67 9 934 681 400 816 763 208 507 584 532 997 726 331 619 139 113 32 484 390 865 813 268 495 615 590 829 557 610 231 573 830 169 743 925 216 790 48 747 558 954 70 66 963 486 122 704 481 944 937 704 820 230 815 376 911 340 122 700 999 166 498 793 589 803 896 810 452 153 249 998 378 646 86 805 897 944 325 61 101 559 88 79 296 60 63
309 490 219 804 246 635 234 754 638 908 121 716 296 695 94 156 230 807 410 583 344 948 190 65 357 586 136 717 833 513 515 323 260 388 812 487 551 437 626 784 279 360 295 766 179 656 254 191 876 85 287 710 738 158 539 196 738 667 13 530 560 412 800 783 622 969 4 122 535 633 49 365 697 311 800 480 96 907 288 116 715 610 427 666 556 426 730 859 645 51 75 707 676 437 820 502 737 614 852 573
480 328 782 907 952 311 210 813 672 852 962 226 631 844 391 204 834 189 41 313 927 822 805 220 262 179 12 113 480 5 572 265 454 943 50 534 853 654 384 387 699 726 417 62 144 944 632 388 656 366 590 76 30 171 257 14 29 30 753 921 460 36 353 793 935 539 193 131 518 267 17 202 810 51 178 617 450 401 308 625 59 248 934 402 963 285 400 439 62 187 931 221 201 619 954 325 960 163 958 145
1 561 116 407 394 192 825 804 788 897 698 80 724 541 636 780 982 404 189 322 606 484 771 29 469 817 871 607 231 994 721 574 277 156 87 721 741 593 949 967 845 511 272 291 274 627 39 474 74 450 67 678 769 969 117 660 288 382 947 627 649 823 669 747 699 683 491 886 26 322 12 650 900 919 989 136 149 559 278 426 993 104 437 146 109 648 82 984 601 182 764 516 583 803 802 695 191 224 145 912
34 226 510 434 570 683 327 817 23 662 405 248 263 503 398 974 148 54 648 753 861 854 587 672 962 386 387 147 148 116 520 540 611 949 367 387 226 944 742 480 120 125 168 842 154 100 670 511 632 546 853 775 279 502 629 404 980 536 119 899 576 464 903 344 138 944 770 985 900 68 730 237 266 731 711 559 138 268 947 585 669 895 586 180 558 164 281 522 424 625 824 185 449 93 20 188 586 348 673 286
81 522 380 684 249 278 869 768 916 377 993 51 136 282 706 839 523 514 489 189 555 353 576 199 538 414 928 95 253 149 513 662 569 283 950 532 351 781 175 289 500 368 703 347 69 147 736 774 353 644 108 922 482 776 602 950 590 894 824 95 778 627 576 390 828 102 901 240 569 175 106 620 448 162 254 868 880 304 288 767 766 248 717 480 751 95 919 408 411 806 678 331 225 378 978 520 60 532 505 577
284 304 614 392 184 254 449 27 462 147 642 169 771 763 952 159 446 147 682 830 906 609 416 535 853 756 316 868 563 999 231 286 642 929 641 386 314 587 445 198 667 606 15 92 273 549 429 638 705 639 572 30 483 610 372 700 460 771 855 413 173 68 446 149 669 648 99 438 5 990 596 811 4 314 398 912 243 998 176 870 252 516 676 593 810 504 456 931 492 325 446 726 375 502 547 834 263 773 370 776
726 63 636 546 377 833 101 853 423 406 355 216 909 881 782 288 807 849 938 551 14 784 800 205 65 816 436 454 337 875 260 456 70 536 807 873 247 466 776 732 661 419 7 715 664 256 534 989 798 531 301 943 821 917 139 844 343 708 942 620 768 411 129 283 496 625 270 52 655 879 196 264 792 347 283 651 243 835 826 450 648 263 523 724 662 304 485 550 642 375 669 587 39 34 977 957 924 898 899 212
901 671 587 538 348 484 366 165 729 793 962 130 222 806 645 724 72 838 528 493 718 437 26 896 518 799 695 439 109 252 872 187 622 272 10 273 415 961 532 275 937 411 297 46 936 84 994 229 272 287 327 728 417 472 765 218 628 389 25 779 49 829 867 209 342 253 314 708 22 881 410 948 745 352 440 849 219 595 813 152 404 809 282 142 284 314 427 939 594 901 810 85 113 660 596 734 974 609 872 523
551 737 88 3 43 956 5 98 691 843 503 626 884 113 381 269 854 298 158 958 439 567 284 613 781 68 880 469 463 202 353 692 312 571 929 967 934 635 410 405 950 868 533 262 294 179 485 636 89 18 152 991 327 62 890 286 335 992 837 313 810 639 743 994 154 241 940 865 183 777 782 883 245 84 425 959 985 22 790 695 68 235 350 71 789 908 202 800 304 4 137 354 997 22 611 179 146 756 776 582
204 153 420 182 977 204 293 99 319 169 278 124 50 719 584 265 198 367 2 72 405 710 294 917 805 901 518 542 765 420 759 39 699 561 195 753 634 301 678 855 361 188 773 62 856 374 78 985 818 642 966 278 3 162 646 609 546 229 47 988 989 567 706 562 948 164 894 558 707 790 915 348 298 676 875 564 340 425 457 150 102 686 60 813 957 360 592 414 817 428 463 8 351 670 47 578 382 937 708 17
738 876 532 484 351 367 605 211 619 991 435 716 37 119 551 79 558 107 711 658 476 532 207 906 280 389 644 709 299 204 791 733 929 313 890 693 31 954 474 289 728 52 155 999 171 366 708 167 200 180 858 568 203 790 963 280 280 801 41 31 504 335 236 814 326 465 578 284 789 723 655 918 999 524 952 114 533 241 304 442 596 355 565 663 853 29 269 125 461 260 429 864 398 606 596 275 465 938 297 726
355 716 251 910 290 666 743 809 808 258 262 739 116 684 352 55 47 947 33 450 516 511 569 843 33 370 723 222 388 65 118 509 908 264 925 666 646 246 397 593 133 945 111 86 711 967 553 968 351 29 607 409 140 677 952 738 831 771 164 844 817 562 431 850 11 797 779 150 968 627 827 670 937 743 152 900 8 224 224 65 903 29 21 481 382 846 461 999 373 527 364 793 758 424 997 427 720 420 105 179
117 717 816 566 824 405 875 779 162 160 177 655 582 175 643 970 138 185 79 563 576 968 289 161 701 336 357 81 908 523 145 51 758 685 495 400 348 289 699 848 868 694 207 500 965 638 817 389 836 470 8 229 563 577 709 566 566 963 60 140 650 371 898 895 183 31 622 692 256 995 165 927 689 268 396 57 772 868 642 931 772 393 758 716 790 6 843 239 776 923 944 340 33 217 598 452 209 934 762 182
541 816 517 503 389 999 67 978 80 794 631 657 189 977 845 16 174 878 451 503 23 375 930 555 467 748 403 638 30 885 282 93 37 715 945 3 807 948 265 188 925 829 915 275 637 192 203 106 618 115 314 942 369 38 250 549 558 32 10 210 196 411 644 749 882 628 133 630 928 465 388 998 541 288 75 297 603 248 168 525 172 561 962 555 230 84 1 813 992 101 30 222 964 932 986 291 227 479 228 881
430 45 950 351 423 624 298 543 501 243 266 478 946 344 527 936 494 673 668 312 798 449 95 544 957 44 515 934 151 197 5 348 716 135 699 624 81 626 710 546 265 278 943 520 83 157 566 8 874 394 719 613 968 610 389 4 567 306 84 18 108 938 477 267 620 5 906 258 893 907 751 500 65 577 400 115 724 857 653 989 646 760 323 283 918 362 473 43 712 617 316 113 388 824 441 430 546 566 430 838
700 727 490 620 358 766 537 581 933 283 78 396 679 318 545 174 113 345 442 680 456 540 623 220 642 982 142 662 206 240 290 544 465 178 234 1000 49 404 489 9 591 245 76 422 926 62 487 285 662 228 940 270 583 639 221 53 618 60 280 930 434 736 841 44 694 319 525 687 686 691 43 873 463 698 894 910 528 137 878 932 320 283 342 398 80 496 758 161 801 651 143 622 178 755 938 398 973 708 558 637
316 837 946 130 971 409 13 374 17 831 387 74 514 729 58 182 685 620 510 393 28 87 653 245 608 811 172 506 528 565 499 28 413 141 527 314 881 356 977 360 238 66 751 9 871 738 350 816 468 40 135 198 387 755 480 772 554 960 815 907 829 669 797 163 709 565 770 672 410 763 909 49 27 511 935 934 162 517 460 467 302 44 594 652 415 774 613 334 781 436 223 956 461 589 15 833 296 591 456 800
492 62 498 397 635 284 30 107 64 994 119 275 250 957 535 630 153 161 645 428 554 602 214 93 898 817 961 165 210 895 641 230 299 283 229 631 215 652 932 215 883 526 472 833 876 52 200 695 210 71 735 13 625 912 915 314 924 640 442 95 309 28 70 154 118 255 827 621 681 83 328 555 199 131 409 246 487 77 753 399 301 281 516 788 664 378 574 119 849 740 269 430 3 533 49 625 39 573 292 775
361 336 41 540 671 409 713 707 294 734 52 72 848 699 337 663 818 388 379 945 568 478 780 951 827 48 730 594 588 515 850 497 755 312 750 551 605 259 737 905 706 362 678 925 428 879 160 593 259 833 251 394 158 628 258 839 273 137 927 107 127 946 115 846 984 121 518 24 952 83 966 545 80 750 808 349 619 302 869 760 226 846 119 724 736 584 4 705 876 372 300 706 723 59 998 90 599 456 481 232
446 436 228 510 381 318 266 164 992 969 291 919 791 741 219 553 336 663 45 898 41 186 818 220 622 436 132 214 751 889 112 175 506 687 421 187 241 752 656 811 515 831 687 652 749 491 144 368 551 389 506 591 537 302 955 136 271 750 801 313 930 462 266 353 930 476 713 759 129 173 300 218 735 638 349 621 180 902 562 641 739 534 679 827 868 542 480 769 130 405 515 990 441 134 533 766 845 548 529 739
111 59 120 932 244 892 141 604 7 983 227 508 96 128 160 269 607 176 171 441 700 198 271 970 819 816 188 399 428 724 414 443 475 176 965 851 121 238 970 992 924 521 841 735 393 360 34 350 878 781 245 559 380 3 467 896 519 883 667 357 216 428 757 315 135 707 976 874 238 475 537 996 686 26 489 384 164 240 331 862 626 821 617 743 973 289 595 803 459 674 770 753 339 343 856 630 646 255 253 711
581 32 165 676 193 664 122 316 531 390 948 224 908 865 909 604 359 849 214 71 55 885 292 360 502 370 749 114 935 302 249 248 273 964 21 341 930 64 489 662 125 700 634 85 852 652 253 305 100 884 493 186 669 413 568 39 226 118 682 814 484 921 632 242 854 859 215 674 237 7 13 366 543 576 7 409 728 5 155 992 547 477 916 227 435 416 161 506 999 712 318 287 498 850 128 268 773 22 720 737
597 998 48 556 350 776 248 630 605 410 902 807 10 68 168 231 403 36 413 775 762 543 707 618 247 478 104 378 879 198 401 470 367 19 466 792 904 759 127 508 543 10 960 427 250 356 816 390 765 761 662 462 718 603 15 766 793 43 622 546 217 773 198 587 802 470 475 80 137 979 745 633 818 553 353 200 82 56 267 220 253 295 793 311 288 144 971 671 95 530 519 444 713 771 623 669 141 767 232 764
268 506 739 650 1000 96 363 905 72 806 676 388 77 833 295 962 90 581 134 537 685 840 805 931 267 904 397 75 774 382 454 27 279 222 632 94 873 496 201 415 475 788 426 100 15 859 282 220 745 66 28 4 141 342 667 507 949 599 424 720 833 604 51 161 531 710 685 342 24 188 344 654 698 872 234 452 234 998 333 98 487 716 694 3 87 436 697 706 677 257 752 652 938 850 290 760 583 216 553 619
447 114 455 730 796 719 588 307 716 72 161 190 432 185 356 527 238 765 960 709 823 261 564 775 948 126 897 664 409 914 503 148 760 546 839 49 336 313 309 811 265 132 340 115 881 651 779 510 279 419 940 288 721 447 397 680 481 309 939 396 51 406 243 846 602 36 761 616 841 222 936 283 617 18 609 674 290 831 138 744 36 474 515 943 861 280 762 157 170 44 506 493 297 579 261 270 479 942 701 779
155 48 634 726 35 113 220 600 233 76 545 256 21 399 455 741 844 34 717 992 61 970 317 564 594 411 125 27 850 803 50 766 279 740 864 960 897 922 267 637 388 495 409 918 274 293 570 507 556 832 199 11 143 174 520 12 951 595 232 987 67 523 728 168 279 344 261 608 636 952 978 164 866 62 541 493 450 959 486 201 600 364 395 855 480 71 416 798 912 606 194 790 359 395 243 560 483 20 206 167
832 9 746 856 132 426 219 113 5 816 305 10 898 687 87 633 550 340 219 836 309 891 941 891 335 110 415 3 759 402 740 175 188 665 15 212 990 206 644 806 431 574 635 814 732 387 95 133 572 907 989 145 857 535 123 622 504 453 601 475 52 946 93 599 23 270 177 494 398 714 367 3 92 846 430 537 965 891 45 844 705 60 83 930 930 322 710 846 788 312 594 225 816 765 741 652 113 296 776 633
417 782 576 176 42 425 626 52 587 67 285 652 806 571 538 787 591 825 249 614 914 97 191 737 307 143 868 384 47 909 559 875 222 678 862 648 934 42 645 252 932 459 481 180 548 360 790 901 99 606 426 204 238 460 36 951 580 975 27 570 350 651 378 969 839 518 347 957 922 557 469 855 377 151 835 961 287 740 150 423 742 398 70 223 310 717 130 540 383 183 757 221 905 99 277 350 56 66 954 865
190 656 183 315 938 284 75 783 997 227 404 358 347 175 381 363 908 868 940 69 687 746 908 579 476 12 883 68 865 83 970 857 526 564 374 92 260 871 962 774 276 331 864 364 120 678 974 41 760 337 727 602 726 941 811 566 755 347 780 424 614 644 334 339 95 625 858 392 507 811 904 11 204 903 460 503 249 542 894 444 347 114 433 507 658 903 699 58 688 741 175 108 852 846 3 357 989 799 798 230
896 960 736 718 120 903 214 885 936 932 101 82 911 715 21 961 705 747 422 505 133 383 241 348 188 72 945 213 971 165 970 591 564 758 89 179 133 306 244 356 132 116 698 459 408 404 693 235 30 920 898 921 30 207 337 188 161 540 368 371 503 31 877 297 907 380 579 799 757 589 904 41 559 895 85 360 149 41 498 987 15 633 490 926 358 200 974 947 865 887 431 475 779 684 752 702 151 485 704 252
956 994 102 289 853 271 943 409 30 114 704 39 713 144 763 183 488 350 662 440 57 838 304 789 580 228 569 721 845 868 118 549 167 328 280 9 739 967 71 163 865 980 129 524 218 445 763 16 593 609 424 50 608 180 770 292 590 623 636 256 972 532 78 552 400 536 246 159 460 770 302 442 714 576 293 780 124 115 646 381 771 514 956 680 330 300 906 812 903 261 663 285 66 868 671 699 436 472 719 876
89 823 237 413 189 545 369 329 614 934 454 20 443 815 78 972 843 37 425 264 65 759 559 242 492 482 645 752 557 819 822 200 627 244 202 650 372 876 983 353 806 713 111 34 395 829 713 363 420 795 929 609 914 48 679 618 258 659 170 674 572 737 351 957 331 603 422 812 628 373 203 214 109 734 256 152 442 276 78 760 848 966 704 593 127 934 475 13 26 335 932 489 230 201 893 428 317 265 79 40
97 148 987 352 724 641 405 567 377 276 435 920 27 906 789 768 202 502 285 99 798 783 238 980 455 712 151 639 600 723 355 739 272 816 161 796 329 133 988 742 266 66 456 662 701 296 331 218 990 467 325 706 904 151 800 489 522 195 76 726 970 844 298 126 819 46 462 72 720 945 977 723 756 942 490 675 7 443 524 134 874 732 875 988 316 216 661 417 296 570 249 690 95 173 496 743 748 1 54 930
663 147 896 187 228 599 692 748 161 992 760 274 304 105 391 258 18 736 138 85 694 66 381 710 913 295 116 809 226 927 360 691 23 845 386 583 438 509 130 329 782 253 465 501 728 90 554 607 68 892 577 186 490 361 610 545 241 513 539 4 483 5 712 984 652 728 679 115 831 349 497 71 761 848 382 527 705 18 479 385 107 196 471 513 27 700 722 588 632 989 530 337 859 635 829 8 162 496 644 106
862 85 545 514 274 294 548 285 878 594 46 623 800 69 765 936 952 725 795 797 550 588 485 279 177 306 908 684 87 162 572 371 314 541 362 944 247 71 810 96 747 976 775 293 632 646 661 387 264 321 630 566 589 929 13 987 893 555 326 265 448 450 833 921 757 829 574 821 566 526 159 74 606 496 361 219 218 70 35 994 498 794 8 97 551 585 175 352 583 19 946 67 922 684 167 205 306 603 924 955
905 737 896 136 910 855 141 531 832 222 933 503 364 744 908 160 908 866 707 485 951 161 455 89 828 32 772 627 318 542 262 39 914 600 337 398 616 131 545 686 629 666 929 570 476 422 107 425 14 349 399 533 794 51 821 546 663 243 840 586 18 807 57 367 150 326 54 417 325 190 291 489 154 443 155 217 557 517 581 743 505 139 922 922 993 122 802 873 972 461 788 657 478 43 283 622 791 230 938 532
545 336 924 843 374 802 425 50 575 290 667 219 509 177 222 809 484 478 211 810 714 880 425 985 860 499 331 93 845 795 177 971 123 477 318 73 81 306 615 284 489 390 503 241 658 338 180 910 760 976 353 998 871 538 898 552 594 18 133 866 29 481 402 821 778 589 902 715 265 997 310 648 294 633 8 186 423 249 944 94 498 231 758 973 432 385 885 138 557 786 446 190 925 185 308 383 371 397 586 24
98 151 13 279 494 376 396 674 878 378 728 800 325 947 530 981 691 338 507 817 902 824 1000 391 838 746 394 383 745 171 154 637 781 200 667 407 763 215 898 367 760 615 898 519 531 651 237 384 41 175 369 202 403 574 482 485 844 977 756 814 60 144 504 883 339 49 19 139 820 147 88 448 177 526 772 18 562 9 850 16 252 614 133 465 919 339 344 359 316 103 539 138 635 426 335 724 270 939 359 823
976 755 265 750 476 995 175 441 345 842 486 738 672 565 895 530 924 60 393 256 425 806 859 767 16 951 262 6 301 475 263 875 203 438 253 151 167 852 596 91 596 8 466 459 188 136 374 153 834 868 321 164 744 206 395 357 562 618 670 220 426 403 804 139 564 182 799 844 210 159 930 283 252 608 239 387 310 536 845 708 451 544 55 335 743 627 640 436 303 145 644 452 601 67 277 553 868 591 112 35
232 123 661 812 966 830 182 537 263 58 908 814 537 825 724 729 307 563 58 819 221 662 357 635 904 633 472 511 26 686 265 485 881 125 677 312 728 508 657 306 68 223 901 857 307 482 214 159 294 875 359 852 7 250 554 812 876 68 43 300 999 104 535 462 739 595 219 25 980 162 26 257 802 36 903 159 616 481 138 489 776 925 809 35 402 864 699 360 93 407 966 812 626 511 577 26 924 261 952 113
619 866 934 412 482 316 639 797 596 134 484 510 743 221 61 81 479 771 422 936 359 707 35 329 553 462 14 962 929 73 823 17 966 228 387 422 587 654 31 554 158 598 890 92 603 517 464 306 755 273 572 128 716 504 891 105 238 639 59 512 80 769 746 78 869 460 237 700 181 623 51 626 325 402 227 461 512 539 861 889 627 474 65 307 983 521 700 189 94 91 824 123 920 723 363 459 192 441 456 805
659 471 458 994 956 30 948 639 629 311 113 791 235 130 700 771 822 528 1000 729 472 674 396 239 710 274 780 637 531 684 88 976 316 844 849 38 174 16 512 887 816 491 466 996 989 632 489 216 930 625 689 506 555 107 415 497 129 41 679 874 211 347 395 344 969 660 975 641 603 686 199 509 309 893 796 156 918 668 1 627 70 128 555 817 416 952 323 943 478 987 153 608 100 710 433 390 144 154 389 854
136 632 823 648 578 969 734 130 591 782 96 632 540 590 733 486 41 488 569 274 544 32 163 610 448 723 924 868 289 874 890 655 726 862 624 793 804 767 568 277 265 978 452 203 991 254 810 272 778 405 16 961 23 780 990 610 282 17 566 888 396 713 848 45 416 368 810 539 679 428 716 429 900 58 112 159 140 42 734 681 604 259 31 477 179 162 3 399 996 463 204 641 224 651 898 348 892 135 345 126
302 777 6 798 103 462 111 6 853 358 396 144 696 815 21 720 706 439 419 420 253 204 553 519 899 598 481 559 194 528 356 728 160 309 733 473 840 948 487 378 95 173 199 135 663 497 26 301 733 615 597 745 242 807 190 40 784 926 615 215 167 321 431 315 640 101 903 120 241 320 186 769 491 652 577 668 836 964 319 29 350 134 91 910 81 754 940 435 179 526 732 652 670 628 870 232 943 357 322 541
321 825 157 499 177 603 178 249 532 76 232 889 997 137 9 699 540 514 565 913 421 348 272 929 836 578 100 408 804 656 523 857 672 64 733 146 851 791 137 760 675 404 464 323 770 799 473 872 691 171 158 571 127 781 674 483 11 3 78 286 589 169 929 218 817 89 220 489 390 633 96 370 55 287 722 925 874 432 158 187 815 608 713 311 104 787 748 525 211 88 813 127 199 845 680 742 902 789 230 652
95 248 131 240 992 681 540 840 581 260 280 273 761 827 552 40 4 725 551 550 605 457 102 333 433 951 961 543 54 569 589 78 352 867 299 24 580 469 714 62 397 868 575 300 448 506 466 404 888 78 375 823 560 83 517 877 342 637 303 202 928 124 197 158 631 170 378 269 648 657 545 111 553 983 543 548 57 40 54 337 497 639 722 347 460 435 179 254 667 836 484 229 168 65 261 24 716 765 711 642
116 596 945 463 388 657 254 433 552 757 759 375 766 754 663 698 820 280 353 81 114 85 550 547 572 956 793 684 34 179 741 676 6 383 889 458 301 122 31 454 5 296 700 98 91 866 247 992 935 205 887 11 360 336 388 896 851 414 525 481 531 636 384 552 437 862 474 829 571 294 155 763 828 220 775 845 475 940 789 357 480 914 543 997 641 665 908 110 35 124 128 226 422 809 798 225 861 196 816 10
